0 0.141493 0.478671 0.042907 0.101521
0 0.190104 0.476852 0.050347 0.113095
0 0.292039 0.456845 0.035962 0.100198
0 0.354911 0.480489 0.045635 0.130291
0 0.399058 0.472553 0.034226 0.100529
0 0.435144 0.468254 0.035466 0.114418
0 0.456225 0.457011 0.039931 0.087963
0 0.488591 0.446098 0.039683 0.109788
0 0.527158 0.467593 0.045883 0.142196
0 0.537326 0.450893 0.022073 0.058532
0 0.556920 0.430721 0.040427 0.096230
0 0.594246 0.456680 0.037698 0.128968
0 0.625868 0.449405 0.030010 0.111772
0 0.653274 0.410880 0.035714 0.089616
0 0.662698 0.390542 0.023313 0.044312
