0 0.072669 0.520007 0.079861 0.213294
0 0.199033 0.565972 0.089534 0.268849
0 0.298983 0.548446 0.075149 0.199405
0 0.370660 0.540344 0.090526 0.247354
0 0.422619 0.515377 0.058532 0.190807
0 0.484995 0.508929 0.092014 0.248677
0 0.581473 0.539848 0.095982 0.295304
0 0.595486 0.500331 0.044147 0.128968
0 0.637897 0.463459 0.082341 0.202712
0 0.715526 0.523975 0.082341 0.235780
0 0.787078 0.504134 0.068700 0.230489
0 0.859127 0.435847 0.071925 0.196429
0 0.863095 0.385086 0.035218 0.094907
0 0.927951 0.461310 0.060764 0.217593
0 0.978795 0.538856 0.042411 0.218585
