0 0.032490 0.559028 0.064484 0.208003
0 0.109127 0.550430 0.088790 0.252976
0 0.163070 0.517857 0.068700 0.198413
0 0.227059 0.500827 0.093006 0.241071
0 0.323041 0.535053 0.102431 0.292328
0 0.343874 0.518519 0.052827 0.105820
0 0.382192 0.459821 0.091270 0.201389
0 0.461434 0.514716 0.076637 0.230489
0 0.533110 0.497685 0.071181 0.234788
0 0.603423 0.428902 0.067956 0.180556
0 0.600198 0.394345 0.045635 0.070437
0 0.664683 0.455522 0.054563 0.182209
0 0.729787 0.498347 0.071181 0.240079
0 0.807044 0.489749 0.079861 0.242063
0 0.863467 0.492890 0.051835 0.246362
0 0.911830 0.509921 0.046379 0.269841
