0 0.826885 0.467097 0.031250 0.124669
0 0.793899 0.454696 0.021329 0.130952
0 0.763393 0.449735 0.031250 0.134259
0 0.727679 0.460648 0.032738 0.130291
0 0.695685 0.429729 0.027282 0.079696
0 0.661830 0.421958 0.030010 0.097222
0 0.664559 0.398313 0.019097 0.029431
0 0.627108 0.452381 0.031498 0.117725
0 0.594494 0.461310 0.032738 0.117063
0 0.559648 0.429233 0.033978 0.087963
0 0.541295 0.452050 0.022073 0.054233
0 0.530010 0.470734 0.046131 0.133267
0 0.487227 0.448743 0.036458 0.109127
0 0.459077 0.456349 0.019841 0.089286
0 0.435764 0.473214 0.038194 0.123677
0 0.399430 0.471892 0.028522 0.089947
0 0.355655 0.480820 0.042163 0.128307
0 0.293527 0.459987 0.041915 0.106481
0 0.191964 0.474372 0.048115 0.113426
0 0.143229 0.472553 0.039435 0.096561
