0 0.694824 0.601173 0.276367 0.454545
0 0.400879 0.554252 0.297852 0.431085
0 0.933594 0.554252 0.132812 0.404692
0 0.148926 0.681818 0.295898 0.434018
0 0.129883 0.362170 0.185547 0.181818
0 0.385254 0.244135 0.184570 0.162757
0 0.850586 0.294721 0.220703 0.161290
0 0.627441 0.321848 0.192383 0.189150
0 0.755859 0.173021 0.160156 0.126100
0 0.836914 0.103372 0.150391 0.174487
0 0.957520 0.113636 0.073242 0.180352
0 0.555176 0.184751 0.131836 0.111437
0 0.349609 0.137097 0.166016 0.086510
0 0.185059 0.214809 0.188477 0.142229
0 0.059082 0.054252 0.108398 0.087977
0 0.211914 0.055718 0.125000 0.079179
0 0.347656 0.040323 0.109375 0.068915
0 0.493652 0.041789 0.108398 0.063050
0 0.617188 0.042522 0.089844 0.041056
